0 0.563802 0.565972 0.049479 0.090278
0 0.132812 0.588542 0.041667 0.065972
0 0.054688 0.555556 0.036458 0.048611
0 0.083333 0.585069 0.036458 0.065972
0 0.226562 0.579861 0.031250 0.062500
0 0.277344 0.567708 0.033854 0.065972
0 0.315104 0.595486 0.046875 0.079861
0 0.398438 0.562500 0.046875 0.076389
0 0.520833 0.586806 0.036458 0.069444
0 0.494792 0.569444 0.031250 0.062500
0 0.638021 0.565972 0.036458 0.062500
0 0.678385 0.565972 0.033854 0.069444
0 0.718750 0.585069 0.041667 0.072917
1 0.936198 0.633681 0.070312 0.093750
0 0.800781 0.560764 0.049479 0.072917
0 0.899740 0.555556 0.033854 0.062500
0 0.970052 0.564236 0.049479 0.079861