1 0.165556 0.515000 0.060000 0.096667
1 0.485556 0.508333 0.046667 0.083333
1 0.955556 0.520000 0.040000 0.066667
1 0.274444 0.536667 0.028889 0.060000
1 0.312222 0.531667 0.028889 0.056667
1 0.365556 0.535000 0.033333 0.056667
1 0.391111 0.528333 0.022222 0.056667
1 0.448889 0.523333 0.035556 0.066667
1 0.576667 0.541667 0.042222 0.070000
1 0.797778 0.531667 0.040000 0.070000
1 0.914444 0.531667 0.037778 0.056667
1 0.843333 0.536667 0.037778 0.060000
1 0.740000 0.511667 0.035556 0.063333
1 0.632222 0.551667 0.033333 0.063333
1 0.657778 0.543333 0.026667 0.066667
1 0.055556 0.536667 0.031111 0.060000
1 0.021111 0.543333 0.037778 0.066667
1 0.202222 0.526667 0.026667 0.066667