0 0.048936 0.442492 0.029787 0.041534
1 0.180851 0.413738 0.089362 0.150160
1 0.118085 0.424920 0.031915 0.057508
1 0.389362 0.400958 0.055319 0.086262
1 0.451064 0.396166 0.055319 0.089457
1 0.523404 0.405751 0.038298 0.070288
1 0.559574 0.418530 0.034043 0.063898
1 0.620213 0.407348 0.027660 0.047923
1 0.687234 0.413738 0.042553 0.067093
1 0.756383 0.404153 0.040426 0.067093
1 0.824468 0.391374 0.040426 0.060703
1 0.868085 0.392971 0.025532 0.057508
1 0.918085 0.383387 0.040426 0.070288
1 0.977660 0.384984 0.023404 0.047923