0 0.931000 0.905405 0.086000 0.129129
0 0.653000 0.707207 0.058000 0.099099
0 0.977000 0.831832 0.046000 0.120120
0 0.545000 0.663664 0.046000 0.084084
0 0.018000 0.783784 0.032000 0.090090
0 0.125000 0.755255 0.042000 0.087087
0 0.220000 0.759760 0.044000 0.072072
0 0.221000 0.051051 0.034000 0.042042
0 0.287000 0.285285 0.034000 0.054054
0 0.421000 0.674174 0.042000 0.063063
0 0.599000 0.815315 0.054000 0.105105
0 0.494000 0.803303 0.052000 0.099099
0 0.439000 0.813814 0.050000 0.096096
0 0.429000 0.773273 0.046000 0.087087
0 0.349000 0.753754 0.038000 0.066066
0 0.507000 0.554054 0.042000 0.051051
0 0.467000 0.515015 0.030000 0.057057
0 0.390000 0.531532 0.040000 0.066066
0 0.439000 0.420420 0.030000 0.066066
0 0.396000 0.447447 0.028000 0.054054
1 0.796000 0.821321 0.060000 0.069069