0 0.659000 0.356667 0.058000 0.140000
0 0.528000 0.343333 0.060000 0.120000
0 0.079000 0.320000 0.066000 0.133333
0 0.387000 0.325000 0.058000 0.116667
0 0.211000 0.366667 0.058000 0.120000
0 0.305000 0.316667 0.050000 0.106667
0 0.139000 0.360000 0.050000 0.093333
1 0.844000 0.388333 0.044000 0.090000
0 0.017000 0.366667 0.030000 0.093333
0 0.271000 0.361667 0.038000 0.083333
1 0.452000 0.343333 0.044000 0.100000
1 0.580000 0.386667 0.028000 0.066667
1 0.763000 0.408333 0.026000 0.056667
1 0.806000 0.405000 0.032000 0.056667
1 0.902000 0.385000 0.044000 0.076667
1 0.610000 0.393333 0.024000 0.053333
1 0.936000 0.388333 0.028000 0.056667
1 0.971000 0.390000 0.026000 0.060000