0 0.316000 0.438338 0.060000 0.072386
0 0.223000 0.442359 0.054000 0.085791
1 0.265000 0.473190 0.054000 0.083110
1 0.426000 0.451743 0.044000 0.061662
1 0.568000 0.461126 0.036000 0.058981
1 0.537000 0.427614 0.038000 0.056300
1 0.501000 0.432976 0.030000 0.050938
1 0.290000 0.463807 0.032000 0.069705
0 0.590000 0.423592 0.036000 0.064343
0 0.714000 0.442359 0.044000 0.069705
0 0.788000 0.436997 0.040000 0.064343
1 0.662000 0.458445 0.048000 0.064343
1 0.767000 0.498660 0.054000 0.075067
1 0.884000 0.457105 0.032000 0.050938
1 0.960000 0.462466 0.036000 0.050938