1 0.174000 0.280781 0.108000 0.171171
1 0.867000 0.298799 0.066000 0.135135
1 0.569000 0.265766 0.082000 0.165165
1 0.348000 0.250751 0.096000 0.159159
1 0.742000 0.231231 0.108000 0.204204
1 0.962000 0.268769 0.056000 0.135135
1 0.517000 0.315315 0.042000 0.102102
1 0.621000 0.285285 0.042000 0.102102
1 0.097000 0.312312 0.050000 0.102102
1 0.246000 0.309309 0.032000 0.072072
1 0.028000 0.330330 0.052000 0.108108
1 0.468000 0.318318 0.032000 0.060060
1 0.651000 0.303303 0.042000 0.084084
1 0.419000 0.339339 0.042000 0.078078
1 0.397000 0.282282 0.034000 0.090090
1 0.984000 0.214715 0.032000 0.189189