0 0.282000 0.508000 0.052000 0.104000
0 0.809000 0.510667 0.062000 0.088000
0 0.521000 0.478667 0.046000 0.098667
0 0.385000 0.502667 0.050000 0.088000
0 0.647000 0.472000 0.054000 0.090667
0 0.583000 0.490667 0.050000 0.096000
0 0.718000 0.326667 0.060000 0.098667
0 0.617000 0.304000 0.054000 0.096000
0 0.472000 0.496000 0.048000 0.096000
0 0.525000 0.150667 0.050000 0.098667
0 0.746000 0.518667 0.056000 0.093333
0 0.156000 0.493333 0.060000 0.085333
0 0.213000 0.464000 0.050000 0.074667
0 0.246000 0.404000 0.040000 0.082667
0 0.358000 0.341333 0.044000 0.101333
0 0.463000 0.322667 0.038000 0.085333