1 0.220000 0.224359 0.088000 0.146154
1 0.754000 0.275641 0.068000 0.120513
1 0.060000 0.269231 0.060000 0.117949
1 0.816000 0.291026 0.048000 0.089744
1 0.441000 0.288462 0.046000 0.084615
1 0.163000 0.256410 0.050000 0.087179
1 0.584000 0.283333 0.048000 0.074359
1 0.399000 0.246154 0.054000 0.087179
1 0.486000 0.278205 0.036000 0.053846
1 0.660000 0.289744 0.036000 0.076923
1 0.715000 0.280769 0.038000 0.064103
1 0.861000 0.310256 0.050000 0.087179
1 0.977000 0.308974 0.038000 0.115385
1 0.634000 0.302564 0.032000 0.061538