0 0.071111 0.369767 0.048889 0.116279
0 0.197778 0.358140 0.044444 0.120930
0 0.344444 0.374419 0.048889 0.125581
0 0.300000 0.444186 0.035556 0.097674
0 0.403333 0.453488 0.033333 0.106977
0 0.454444 0.393023 0.051111 0.106977
0 0.492222 0.413953 0.033333 0.102326
0 0.536667 0.467442 0.033333 0.097674
0 0.575556 0.444186 0.044444 0.106977
0 0.631111 0.406977 0.026667 0.097674
0 0.655556 0.434884 0.040000 0.116279
0 0.703333 0.406977 0.042222 0.125581
0 0.797778 0.444186 0.040000 0.097674
0 0.934444 0.441860 0.051111 0.130233