0 0.634000 0.760667 0.088000 0.078667
0 0.328000 0.732000 0.056000 0.050667
0 0.434000 0.752000 0.044000 0.050667
0 0.548000 0.291333 0.040000 0.033333
1 0.098000 0.720000 0.036000 0.026667
1 0.217000 0.731333 0.034000 0.025333
1 0.046000 0.704000 0.032000 0.026667
1 0.157000 0.730000 0.030000 0.022667
1 0.133000 0.710667 0.026000 0.021333
1 0.196000 0.720000 0.028000 0.024000
1 0.246000 0.722667 0.028000 0.026667
1 0.274000 0.718000 0.036000 0.028000
1 0.464000 0.726667 0.032000 0.018667
1 0.550000 0.732667 0.028000 0.025333
1 0.791000 0.740667 0.030000 0.022667
1 0.415000 0.726667 0.026000 0.021333