1 0.967000 0.394260 0.062000 0.117825
1 0.080000 0.388218 0.068000 0.111782
1 0.597000 0.394260 0.054000 0.099698
1 0.204000 0.410876 0.048000 0.096677
1 0.329000 0.424471 0.034000 0.063444
1 0.022000 0.444109 0.040000 0.090634
1 0.152000 0.453172 0.052000 0.084592
1 0.266000 0.432024 0.040000 0.084592
1 0.397000 0.418429 0.046000 0.081571
1 0.435000 0.413897 0.038000 0.066465
1 0.506000 0.412387 0.040000 0.081571
1 0.536000 0.424471 0.032000 0.063444
1 0.692000 0.421450 0.052000 0.093656
1 0.664000 0.401813 0.036000 0.084592
1 0.742000 0.418429 0.036000 0.069486
1 0.824000 0.385196 0.052000 0.087613