0 0.722000 0.468675 0.076000 0.084337
0 0.331000 0.263855 0.058000 0.065060
0 0.426000 0.248193 0.052000 0.077108
0 0.332000 0.098795 0.044000 0.067470
0 0.629000 0.100000 0.050000 0.069880
0 0.808000 0.484337 0.060000 0.081928
1 0.163000 0.238554 0.042000 0.053012
1 0.045000 0.116867 0.026000 0.055422
1 0.845000 0.259036 0.042000 0.055422
1 0.797000 0.198795 0.042000 0.055422
1 0.735000 0.171084 0.046000 0.062651
1 0.610000 0.437349 0.056000 0.060241
1 0.499000 0.342169 0.058000 0.057831
1 0.587000 0.350602 0.058000 0.060241
1 0.298000 0.136145 0.044000 0.050602
1 0.420000 0.116867 0.036000 0.055422
1 0.449000 0.107229 0.038000 0.055422
1 0.482000 0.119277 0.036000 0.055422
1 0.518000 0.115663 0.036000 0.053012
1 0.560000 0.091566 0.052000 0.067470