1 0.081967 0.280000 0.065574 0.120000
1 0.112933 0.336667 0.036430 0.080000
1 0.144809 0.336667 0.030965 0.073333
1 0.233151 0.281667 0.043716 0.090000
0 0.265027 0.305000 0.034608 0.090000
1 0.327869 0.313333 0.032787 0.093333
1 0.354281 0.308333 0.034608 0.070000
1 0.438069 0.298333 0.030965 0.070000
1 0.467213 0.318333 0.030965 0.063333
1 0.530055 0.316667 0.036430 0.066667
1 0.561931 0.341667 0.027322 0.070000
1 0.598361 0.343333 0.027322 0.066667
1 0.697632 0.336667 0.025501 0.066667
1 0.848816 0.286667 0.029144 0.073333
1 0.823315 0.291667 0.021858 0.056667