1 0.281000 0.557471 0.054000 0.094253
1 0.498000 0.566667 0.048000 0.066667
1 0.042000 0.531034 0.052000 0.082759
1 0.238000 0.572414 0.044000 0.073563
1 0.150000 0.552874 0.056000 0.066667
1 0.082000 0.556322 0.040000 0.059770
1 0.396000 0.543678 0.032000 0.048276
1 0.453000 0.559770 0.038000 0.062069
1 0.570000 0.549425 0.044000 0.055172
1 0.686000 0.547126 0.044000 0.064368
1 0.774000 0.558621 0.040000 0.050575
1 0.836000 0.539080 0.032000 0.048276
1 0.966000 0.549425 0.044000 0.064368
1 0.911000 0.570115 0.042000 0.059770
1 0.419000 0.556322 0.018000 0.036782