1 0.945794 0.381667 0.067290 0.150000
1 0.602804 0.480000 0.132710 0.253333
1 0.874766 0.448333 0.074766 0.130000
1 0.702804 0.393333 0.056075 0.120000
1 0.066355 0.368333 0.095327 0.150000
1 0.811215 0.430000 0.089720 0.180000
1 0.268224 0.475000 0.132710 0.256667
1 0.524299 0.291667 0.050467 0.123333
1 0.181308 0.386667 0.085981 0.153333
1 0.051402 0.286667 0.061682 0.100000
1 0.171963 0.260000 0.044860 0.073333
1 0.334579 0.318333 0.029907 0.070000
1 0.428972 0.311667 0.046729 0.090000
1 0.616822 0.343333 0.059813 0.093333