0 0.107000 0.432000 0.106000 0.165333
0 0.936000 0.501333 0.044000 0.058667
0 0.891000 0.497333 0.034000 0.056000
0 0.370000 0.457333 0.072000 0.125333
0 0.416000 0.473333 0.048000 0.098667
0 0.468000 0.481333 0.044000 0.077333
0 0.498000 0.460000 0.040000 0.082667
0 0.603000 0.502667 0.042000 0.061333
0 0.653000 0.498667 0.038000 0.064000
0 0.726000 0.493333 0.040000 0.069333
0 0.787000 0.506667 0.022000 0.042667
0 0.847000 0.498667 0.034000 0.058667
0 0.822000 0.496000 0.024000 0.053333
1 0.565000 0.478667 0.030000 0.056000
1 0.516000 0.496000 0.028000 0.048000