1 0.065000 0.316000 0.066000 0.114667
1 0.183000 0.264000 0.066000 0.112000
1 0.229000 0.192000 0.054000 0.106667
1 0.308000 0.274667 0.064000 0.112000
1 0.367000 0.244000 0.058000 0.109333
1 0.428000 0.182667 0.052000 0.077333
1 0.478000 0.280000 0.064000 0.096000
1 0.503000 0.210667 0.050000 0.096000
1 0.612000 0.212000 0.060000 0.093333
1 0.806000 0.354667 0.056000 0.085333
1 0.664000 0.218667 0.052000 0.096000
1 0.944000 0.312000 0.068000 0.133333
1 0.840000 0.265333 0.056000 0.093333
1 0.767000 0.222667 0.066000 0.104000
1 0.762000 0.142667 0.048000 0.077333
1 0.838000 0.176000 0.056000 0.085333