0 0.682927 0.673993 0.073171 0.139194
0 0.895122 0.562271 0.063415 0.128205
0 0.497561 0.681319 0.082927 0.153846
0 0.736585 0.628205 0.063415 0.113553
0 0.945122 0.542125 0.056098 0.117216
0 0.184146 0.518315 0.060976 0.120879
0 0.181707 0.663004 0.060976 0.117216
0 0.619512 0.549451 0.058537 0.102564
0 0.267073 0.763736 0.085366 0.186813
0 0.779268 0.516484 0.060976 0.131868
0 0.534146 0.600733 0.068293 0.102564
0 0.296341 0.604396 0.051220 0.102564
0 0.557317 0.512821 0.051220 0.087912
0 0.460976 0.467033 0.048780 0.091575
0 0.421951 0.591575 0.053659 0.091575