0 0.518027 0.340000 0.053131 0.093333
0 0.713472 0.455000 0.060721 0.110000
0 0.911765 0.330000 0.074004 0.120000
0 0.372865 0.476667 0.055028 0.106667
0 0.668880 0.341667 0.055028 0.103333
0 0.552182 0.428333 0.068311 0.110000
0 0.273245 0.428333 0.045541 0.090000
0 0.259962 0.288333 0.045541 0.083333
0 0.031309 0.411667 0.043643 0.063333
0 0.050285 0.355000 0.036053 0.056667
0 0.104364 0.398333 0.045541 0.076667
0 0.132827 0.323333 0.041746 0.060000
1 0.835863 0.418333 0.081594 0.143333
0 0.207780 0.416667 0.036053 0.080000
0 0.195446 0.320000 0.041746 0.066667
