0 0.931000 0.865000 0.106000 0.223333
0 0.730000 0.816667 0.104000 0.186667
0 0.645000 0.841667 0.094000 0.163333
0 0.036000 0.336667 0.068000 0.140000
0 0.107000 0.238333 0.086000 0.143333
0 0.209000 0.158333 0.066000 0.123333
0 0.204000 0.355000 0.080000 0.136667
0 0.196000 0.518333 0.088000 0.163333
0 0.324000 0.721667 0.084000 0.170000
0 0.450000 0.718333 0.088000 0.163333
0 0.562000 0.653333 0.096000 0.186667
0 0.302000 0.593333 0.080000 0.126667
0 0.366000 0.661667 0.088000 0.150000
0 0.586000 0.501667 0.080000 0.150000
0 0.467000 0.548333 0.078000 0.150000
0 0.412000 0.410000 0.084000 0.133333
0 0.303000 0.466667 0.082000 0.146667
0 0.589000 0.388333 0.082000 0.123333
0 0.291000 0.343333 0.078000 0.120000
0 0.282000 0.265000 0.088000 0.116667
0 0.358000 0.210000 0.068000 0.146667
0 0.364000 0.115000 0.072000 0.123333
0 0.492000 0.241667 0.072000 0.156667
0 0.697000 0.196667 0.066000 0.153333
0 0.578000 0.225000 0.072000 0.130000
0 0.540000 0.330000 0.064000 0.120000
0 0.664000 0.101667 0.072000 0.150000
0 0.481000 0.151667 0.066000 0.096667
0 0.527000 0.100000 0.070000 0.133333
0 0.902000 0.165000 0.060000 0.143333