1 0.118000 0.358859 0.040000 0.081081
1 0.255000 0.328829 0.046000 0.087087
1 0.071000 0.378378 0.038000 0.060060
1 0.160000 0.327327 0.040000 0.084084
1 0.325000 0.316817 0.030000 0.057057
1 0.353000 0.340841 0.046000 0.075075
1 0.423000 0.336336 0.046000 0.084084
1 0.532000 0.349850 0.040000 0.075075
1 0.563000 0.321321 0.034000 0.078078
1 0.597000 0.345345 0.046000 0.078078
1 0.747000 0.342342 0.034000 0.072072
1 0.726000 0.310811 0.028000 0.075075
1 0.879000 0.319820 0.038000 0.069069
1 0.986000 0.307808 0.028000 0.093093