0 0.137000 0.321321 0.046000 0.102102
0 0.698000 0.313814 0.060000 0.123123
0 0.405000 0.343844 0.062000 0.117117
0 0.242000 0.322823 0.064000 0.135135
0 0.198000 0.364865 0.056000 0.111111
0 0.283000 0.349850 0.034000 0.093093
0 0.438000 0.316817 0.024000 0.063063
0 0.478000 0.298799 0.068000 0.123123
1 0.526000 0.310811 0.048000 0.117117
0 0.564000 0.327327 0.032000 0.060060
0 0.799000 0.310811 0.042000 0.081081
0 0.872000 0.325826 0.040000 0.087087
0 0.919000 0.300300 0.066000 0.156156
0 0.970000 0.309309 0.052000 0.102102