0 0.513000 0.105263 0.082000 0.160991
0 0.178000 0.617647 0.136000 0.219814
0 0.648000 0.657895 0.132000 0.226006
0 0.873000 0.151703 0.086000 0.148607
0 0.854000 0.529412 0.120000 0.191950
0 0.959000 0.117647 0.074000 0.142415
0 0.454000 0.187307 0.080000 0.157895
0 0.035000 0.196594 0.066000 0.219814
0 0.822000 0.244582 0.100000 0.198142
0 0.334000 0.091331 0.092000 0.176471
0 0.111000 0.360681 0.110000 0.207430
0 0.710000 0.165635 0.092000 0.126935
0 0.184000 0.179567 0.104000 0.216718
0 0.827000 0.078947 0.102000 0.151703
0 0.740000 0.659443 0.104000 0.179567
0 0.320000 0.331269 0.120000 0.216718
0 0.502000 0.280186 0.096000 0.195046
0 0.721000 0.292570 0.106000 0.232198
0 0.560000 0.351393 0.100000 0.151703
0 0.815000 0.481424 0.118000 0.207430
1 0.541000 0.854489 0.126000 0.216718
1 0.164000 0.869969 0.120000 0.198142
1 0.960000 0.569659 0.080000 0.235294
1 0.050000 0.727554 0.088000 0.198142
