0 0.045000 0.423193 0.070000 0.123494
0 0.514000 0.371988 0.056000 0.129518
0 0.235000 0.403614 0.058000 0.108434
0 0.884000 0.347892 0.072000 0.129518
0 0.665000 0.338855 0.062000 0.123494
0 0.735000 0.379518 0.054000 0.108434
0 0.141000 0.402108 0.054000 0.105422
0 0.784000 0.371988 0.048000 0.105422
0 0.418000 0.381024 0.064000 0.111446
0 0.290000 0.390060 0.048000 0.099398
0 0.462000 0.373494 0.036000 0.108434
0 0.630000 0.391566 0.032000 0.066265
0 0.927000 0.382530 0.042000 0.102410
0 0.602000 0.405120 0.028000 0.063253