0 0.191000 0.603604 0.054000 0.090090
0 0.494000 0.552553 0.028000 0.048048
0 0.384000 0.566066 0.036000 0.051051
0 0.558000 0.588589 0.028000 0.048048
0 0.443000 0.597598 0.034000 0.036036
0 0.646000 0.552553 0.032000 0.066066
0 0.615000 0.570571 0.034000 0.066066
0 0.769000 0.557057 0.034000 0.069069
0 0.882000 0.555556 0.036000 0.066066
0 0.924000 0.542042 0.040000 0.069069
0 0.735000 0.554054 0.038000 0.069069
0 0.712000 0.560060 0.028000 0.057057
0 0.821000 0.548048 0.026000 0.063063
0 0.840000 0.564565 0.020000 0.054054
0 0.988000 0.557057 0.024000 0.045045
0 0.793000 0.539039 0.030000 0.057057
0 0.695000 0.558559 0.018000 0.048048
0 0.522000 0.564565 0.028000 0.042042