0 0.733000 0.691977 0.058000 0.106017
0 0.562000 0.512894 0.040000 0.074499
0 0.616000 0.484241 0.040000 0.068768
1 0.032000 0.696275 0.044000 0.068768
1 0.123000 0.693410 0.046000 0.074499
1 0.196000 0.624642 0.044000 0.063037
1 0.410000 0.338109 0.028000 0.040115
1 0.377000 0.551576 0.034000 0.054441
1 0.827000 0.469914 0.038000 0.057307
1 0.253000 0.574499 0.034000 0.048711
1 0.215000 0.550143 0.038000 0.057307
1 0.321000 0.560172 0.038000 0.060172
1 0.285000 0.514327 0.042000 0.054441
1 0.425000 0.524355 0.042000 0.051576
1 0.388000 0.479943 0.040000 0.060172
1 0.452000 0.449857 0.036000 0.051576
1 0.564000 0.401146 0.036000 0.057307
1 0.662000 0.358166 0.032000 0.051576
1 0.340000 0.525788 0.032000 0.060172
1 0.201000 0.297994 0.026000 0.045845