0 0.204000 0.420000 0.056000 0.098667
0 0.556000 0.426667 0.048000 0.090667
0 0.333000 0.440000 0.054000 0.090667
0 0.134000 0.430667 0.048000 0.082667
0 0.026000 0.449333 0.048000 0.104000
0 0.300000 0.445333 0.032000 0.074667
0 0.442000 0.437333 0.044000 0.085333
0 0.480000 0.438667 0.032000 0.061333
0 0.520000 0.420000 0.028000 0.061333
0 0.636000 0.406667 0.052000 0.093333
0 0.891000 0.428000 0.050000 0.082667
0 0.841000 0.432000 0.034000 0.069333
0 0.736000 0.425333 0.036000 0.066667
0 0.701000 0.430667 0.038000 0.066667
0 0.672000 0.428000 0.028000 0.066667