0 0.391000 0.346386 0.074000 0.144578
0 0.949000 0.381024 0.062000 0.123494
0 0.144000 0.370482 0.064000 0.132530
0 0.474000 0.371988 0.060000 0.111446
0 0.197000 0.382530 0.054000 0.108434
0 0.888000 0.406627 0.056000 0.096386
0 0.739000 0.396084 0.054000 0.099398
0 0.633000 0.390060 0.050000 0.093373
0 0.809000 0.397590 0.046000 0.084337
0 0.344000 0.409639 0.052000 0.096386
0 0.300000 0.385542 0.040000 0.096386
0 0.110000 0.420181 0.044000 0.087349
0 0.581000 0.396084 0.038000 0.087349
0 0.509000 0.388554 0.038000 0.102410