0 0.815000 0.450667 0.050000 0.090667
0 0.579000 0.422667 0.046000 0.093333
1 0.935000 0.458667 0.098000 0.165333
1 0.286000 0.457333 0.052000 0.093333
1 0.482000 0.456000 0.056000 0.090667
1 0.344000 0.458667 0.032000 0.053333
1 0.076000 0.482667 0.056000 0.074667
0 0.178000 0.468000 0.040000 0.056000
0 0.642000 0.449333 0.028000 0.061333
0 0.666000 0.454667 0.028000 0.056000
0 0.620000 0.449333 0.024000 0.056000
1 0.533000 0.454667 0.022000 0.061333
1 0.438000 0.444000 0.032000 0.050667
1 0.389000 0.472000 0.030000 0.048000