1 0.734000 0.165165 0.080000 0.120120
1 0.591000 0.190691 0.074000 0.147147
1 0.900000 0.213213 0.100000 0.186186
1 0.512000 0.208709 0.060000 0.111111
1 0.851000 0.201201 0.066000 0.156156
1 0.725000 0.291291 0.086000 0.168168
1 0.437000 0.231231 0.054000 0.102102
1 0.353000 0.225225 0.062000 0.090090
1 0.176000 0.241742 0.040000 0.099099
1 0.270000 0.250751 0.048000 0.099099
1 0.057000 0.213213 0.050000 0.090090
1 0.099000 0.253754 0.038000 0.075075
1 0.153000 0.234234 0.030000 0.084084
1 0.568000 0.261261 0.044000 0.096096
1 0.642000 0.202703 0.044000 0.117117