0 0.906000 0.226727 0.064000 0.117117
0 0.364000 0.241742 0.056000 0.117117
0 0.093000 0.252252 0.054000 0.108108
0 0.517000 0.232733 0.050000 0.111111
0 0.681000 0.241742 0.046000 0.111111
0 0.215000 0.279279 0.058000 0.102102
0 0.456000 0.268769 0.036000 0.093093
1 0.770000 0.262763 0.040000 0.087087
0 0.718000 0.271772 0.036000 0.075075
0 0.574000 0.256757 0.036000 0.081081
0 0.601000 0.271772 0.030000 0.069069
0 0.633000 0.270270 0.038000 0.084084
0 0.254000 0.258258 0.028000 0.090090
0 0.311000 0.262763 0.030000 0.063063