1 0.466000 0.217718 0.068000 0.129129
1 0.303000 0.213213 0.074000 0.138138
1 0.697000 0.208709 0.074000 0.129129
1 0.174000 0.199700 0.080000 0.141141
1 0.103000 0.252252 0.066000 0.114114
1 0.866000 0.220721 0.060000 0.129129
1 0.842000 0.210210 0.052000 0.120120
1 0.377000 0.267267 0.046000 0.114114
1 0.223000 0.274775 0.038000 0.063063
1 0.431000 0.262763 0.034000 0.087087
1 0.591000 0.211712 0.054000 0.111111
1 0.636000 0.219219 0.044000 0.090090
1 0.798000 0.241742 0.036000 0.075075
1 0.057000 0.264264 0.034000 0.108108