1 0.842105 0.482301 0.060729 0.103245
1 0.580972 0.420354 0.052632 0.115044
1 0.518219 0.427729 0.048583 0.094395
1 0.140688 0.477876 0.050607 0.094395
1 0.689271 0.421829 0.050607 0.100295
1 0.788462 0.430678 0.050607 0.100295
1 0.721660 0.529499 0.054656 0.115044
1 0.384615 0.523599 0.052632 0.103245
1 0.236842 0.482301 0.048583 0.091445
1 0.740891 0.427729 0.044534 0.088496
1 0.285425 0.513274 0.052632 0.082596
1 0.840081 0.410029 0.052632 0.094395
1 0.178138 0.500000 0.048583 0.097345
1 0.309717 0.471976 0.036437 0.076696
1 0.354251 0.473451 0.036437 0.079646
1 0.341093 0.414454 0.038462 0.079646
1 0.430162 0.432153 0.046559 0.097345
1 0.469636 0.443953 0.036437 0.073746
1 0.451417 0.520649 0.048583 0.097345
1 0.525304 0.535398 0.054656 0.103245
1 0.632591 0.420354 0.046559 0.079646
1 0.631579 0.501475 0.048583 0.106195