0 0.144000 0.613879 0.164000 0.345196
0 0.244000 0.473310 0.100000 0.234875
0 0.417000 0.512456 0.058000 0.149466
0 0.399000 0.427046 0.042000 0.078292
0 0.454000 0.418149 0.052000 0.117438
0 0.562000 0.428826 0.060000 0.145907
0 0.644000 0.806050 0.264000 0.387900
0 0.742000 0.546263 0.100000 0.188612
0 0.820000 0.462633 0.092000 0.185053
0 0.969000 0.596085 0.062000 0.323843
0 0.715000 0.375445 0.058000 0.145907
0 0.611000 0.469751 0.102000 0.142349
0 0.611000 0.640569 0.170000 0.249110
0 0.673000 0.480427 0.058000 0.142349
0 0.642000 0.377224 0.068000 0.092527