0 0.826000 0.448571 0.056000 0.097143
0 0.462000 0.442857 0.048000 0.102857
0 0.163000 0.448571 0.054000 0.108571
0 0.314000 0.465714 0.048000 0.097143
0 0.217000 0.475714 0.034000 0.065714
0 0.349000 0.458571 0.030000 0.082857
0 0.500000 0.454286 0.040000 0.091429
0 0.620000 0.417143 0.052000 0.102857
0 0.689000 0.444286 0.038000 0.071429
0 0.661000 0.454286 0.030000 0.068571
0 0.773000 0.432857 0.038000 0.071429
0 0.944000 0.440000 0.040000 0.068571
0 0.862000 0.444286 0.036000 0.082857
0 0.387000 0.440000 0.046000 0.091429
0 0.552000 0.451429 0.024000 0.051429
0 0.578000 0.454286 0.028000 0.057143