1 0.852000 0.309701 0.056000 0.082090
1 0.709000 0.324627 0.042000 0.077114
1 0.022000 0.337065 0.028000 0.052239
1 0.072000 0.314677 0.032000 0.052239
1 0.131000 0.318408 0.050000 0.074627
1 0.189000 0.317164 0.026000 0.052239
1 0.214000 0.305970 0.044000 0.074627
1 0.274000 0.323383 0.044000 0.084577
1 0.370000 0.333333 0.040000 0.054726
1 0.425000 0.318408 0.038000 0.059701
1 0.469000 0.335821 0.042000 0.064677
1 0.507000 0.328358 0.042000 0.069652
1 0.537000 0.323383 0.038000 0.059701
1 0.581000 0.332090 0.042000 0.072139