0 0.014000 0.429429 0.024000 0.108108
0 0.457000 0.430931 0.066000 0.129129
0 0.260000 0.385886 0.068000 0.129129
0 0.153000 0.418919 0.074000 0.123123
0 0.102000 0.406907 0.064000 0.117117
0 0.179000 0.397898 0.038000 0.099099
0 0.337000 0.387387 0.074000 0.102102
0 0.378000 0.402402 0.044000 0.102102
0 0.518000 0.414414 0.056000 0.108108
0 0.589000 0.429429 0.078000 0.108108
0 0.649000 0.406907 0.058000 0.093093
0 0.713000 0.420420 0.054000 0.114114
0 0.767000 0.447447 0.058000 0.096096
0 0.814000 0.450450 0.048000 0.084084
0 0.870000 0.433934 0.052000 0.087087
0 0.939000 0.456456 0.058000 0.102102
0 0.972000 0.457958 0.028000 0.081081