0 0.016000 0.570571 0.028000 0.066066
0 0.066000 0.572072 0.040000 0.063063
0 0.123000 0.648649 0.046000 0.072072
0 0.462000 0.548048 0.044000 0.081081
0 0.371000 0.608108 0.034000 0.063063
0 0.238000 0.573574 0.032000 0.054054
0 0.172000 0.603604 0.032000 0.066066
0 0.814000 0.674174 0.040000 0.063063
0 0.883000 0.453453 0.034000 0.060060
0 0.777000 0.481982 0.042000 0.063063
0 0.692000 0.522523 0.036000 0.066066
0 0.563000 0.537538 0.050000 0.078078
0 0.529000 0.540541 0.038000 0.072072
0 0.151000 0.558559 0.030000 0.060060
0 0.194000 0.554054 0.032000 0.057057
0 0.213000 0.572072 0.034000 0.063063
1 0.409000 0.611111 0.030000 0.057057
1 0.627000 0.515015 0.042000 0.069069