0 0.258000 0.854396 0.096000 0.137363
0 0.078000 0.715659 0.100000 0.134615
0 0.581000 0.931319 0.086000 0.120879
0 0.398000 0.432692 0.072000 0.101648
0 0.667000 0.578297 0.074000 0.101648
0 0.789000 0.204670 0.062000 0.090659
0 0.778000 0.747253 0.080000 0.093407
0 0.610000 0.531593 0.052000 0.090659
0 0.377000 0.358516 0.062000 0.085165
0 0.283000 0.418956 0.070000 0.090659
0 0.527000 0.548077 0.054000 0.090659
0 0.728000 0.928571 0.092000 0.120879
0 0.871000 0.840659 0.090000 0.098901
0 0.906000 0.149725 0.064000 0.096154
0 0.916000 0.046703 0.056000 0.082418
0 0.868000 0.030220 0.060000 0.054945