0 0.566000 0.675676 0.052000 0.078078
0 0.956000 0.713213 0.056000 0.081081
0 0.134000 0.638138 0.044000 0.075075
0 0.358000 0.481982 0.040000 0.057057
0 0.242000 0.454955 0.032000 0.051051
0 0.071000 0.487988 0.030000 0.051051
0 0.372000 0.569069 0.028000 0.039039
0 0.523000 0.397898 0.026000 0.045045
0 0.491000 0.385886 0.030000 0.045045
0 0.759000 0.378378 0.042000 0.054054
0 0.103000 0.378378 0.030000 0.036036
0 0.135000 0.354354 0.030000 0.042042
0 0.190000 0.330330 0.020000 0.036036
1 0.156000 0.671171 0.036000 0.057057
0 0.262000 0.400901 0.024000 0.039039