0 0.807615 0.211191 0.076152 0.140794
0 0.946894 0.512635 0.086172 0.122744
0 0.486974 0.207581 0.052104 0.097473
0 0.405812 0.368231 0.062124 0.093863
0 0.749499 0.272563 0.084168 0.148014
0 0.961924 0.397112 0.064128 0.122744
0 0.224449 0.420578 0.044088 0.061372
0 0.176353 0.398917 0.040080 0.075812
0 0.469940 0.348375 0.034068 0.083032
0 0.771543 0.368231 0.052104 0.108303
0 0.267535 0.240072 0.034068 0.061372
0 0.217435 0.250903 0.038076 0.054152
0 0.128257 0.400722 0.040080 0.064982
0 0.595190 0.353791 0.048096 0.093863
0 0.246493 0.373646 0.036072 0.061372
0 0.309619 0.342960 0.030060 0.057762