0 0.116000 0.323529 0.056000 0.106952
0 0.211000 0.307487 0.058000 0.106952
0 0.330000 0.232620 0.048000 0.090909
0 0.411000 0.280749 0.054000 0.112299
0 0.265000 0.473262 0.062000 0.101604
0 0.208000 0.554813 0.064000 0.114973
0 0.342000 0.520053 0.056000 0.104278
0 0.425000 0.429144 0.054000 0.104278
0 0.545000 0.263369 0.054000 0.098930
0 0.501000 0.219251 0.054000 0.101604
0 0.841000 0.270053 0.066000 0.117647
0 0.727000 0.245989 0.062000 0.106952
0 0.669000 0.280749 0.062000 0.112299
0 0.605000 0.290107 0.066000 0.104278
