0 0.080000 0.734043 0.124000 0.191489
0 0.431000 0.679331 0.098000 0.161094
0 0.201000 0.291793 0.042000 0.060790
0 0.423000 0.504559 0.050000 0.066869
0 0.531000 0.343465 0.046000 0.072948
0 0.452000 0.335866 0.040000 0.051672
0 0.154000 0.246201 0.040000 0.048632
0 0.186000 0.214286 0.028000 0.051672
0 0.566000 0.332827 0.032000 0.051672
0 0.016000 0.115502 0.028000 0.085106
0 0.173000 0.083587 0.030000 0.039514
0 0.528000 0.241641 0.028000 0.039514
0 0.618000 0.357143 0.040000 0.063830
0 0.773000 0.358663 0.058000 0.085106
0 0.008000 0.293313 0.012000 0.088146