1 0.118750 0.280564 0.112500 0.153605
1 0.196875 0.235110 0.035417 0.081505
1 0.025000 0.183386 0.025000 0.059561
1 0.240625 0.247649 0.068750 0.137931
1 0.280208 0.164577 0.039583 0.065831
1 0.337500 0.227273 0.070833 0.115987
1 0.402083 0.242947 0.054167 0.097179
1 0.433333 0.191223 0.033333 0.056426
1 0.486458 0.260188 0.068750 0.125392
1 0.607292 0.308777 0.052083 0.122257
1 0.864583 0.404389 0.108333 0.131661
1 0.902083 0.263323 0.041667 0.094044
1 0.813542 0.277429 0.039583 0.078370
0 0.759375 0.233542 0.035417 0.072100
0 0.711458 0.230408 0.035417 0.078370
0 0.678125 0.246082 0.039583 0.078370
1 0.642708 0.258621 0.039583 0.097179
0 0.614583 0.189655 0.020833 0.040752