0 0.918000 0.385542 0.044000 0.102410
1 0.528000 0.397590 0.060000 0.114458
1 0.107000 0.462349 0.070000 0.099398
1 0.256000 0.429217 0.056000 0.105422
1 0.401000 0.408133 0.062000 0.111446
1 0.605000 0.427711 0.050000 0.096386
1 0.679000 0.390060 0.050000 0.099398
1 0.652000 0.465361 0.052000 0.087349
1 0.449000 0.429217 0.034000 0.081325
1 0.328000 0.438253 0.040000 0.063253
1 0.164000 0.451807 0.040000 0.072289
0 0.982000 0.411145 0.036000 0.105422
0 0.946000 0.423193 0.032000 0.081325
1 0.731000 0.420181 0.026000 0.063253