0 0.097000 0.364000 0.082000 0.125333
0 0.734000 0.418667 0.064000 0.112000
0 0.450000 0.396000 0.064000 0.104000
1 0.821000 0.374667 0.070000 0.120000
1 0.960000 0.405333 0.072000 0.122667
1 0.531000 0.369333 0.074000 0.120000
1 0.343000 0.410667 0.058000 0.101333
1 0.613000 0.354667 0.058000 0.096000
1 0.022000 0.385333 0.040000 0.104000
1 0.901000 0.394667 0.050000 0.090667
0 0.240000 0.420000 0.056000 0.098667
1 0.144000 0.417333 0.052000 0.082667
0 0.175000 0.405333 0.038000 0.085333
1 0.286000 0.406667 0.044000 0.072000
0 0.406000 0.409333 0.028000 0.061333