0 0.726000 0.426667 0.048000 0.096000
0 0.167000 0.412000 0.054000 0.098667
0 0.443000 0.397333 0.046000 0.085333
0 0.294000 0.422667 0.036000 0.072000
0 0.372000 0.414667 0.044000 0.082667
0 0.506000 0.413333 0.040000 0.085333
0 0.025000 0.328000 0.046000 0.208000
0 0.554000 0.441333 0.040000 0.072000
0 0.475000 0.418667 0.034000 0.074667
0 0.634000 0.445333 0.044000 0.074667
0 0.591000 0.464000 0.038000 0.074667
0 0.690000 0.446667 0.040000 0.072000
0 0.779000 0.457333 0.050000 0.082667
0 0.789000 0.412000 0.042000 0.066667
0 0.878000 0.402667 0.048000 0.085333