1 0.852000 0.260542 0.064000 0.099398
1 0.677000 0.274096 0.050000 0.096386
1 0.122000 0.307229 0.052000 0.096386
1 0.591000 0.302711 0.058000 0.087349
1 0.022000 0.355422 0.040000 0.084337
1 0.191000 0.310241 0.038000 0.072289
1 0.270000 0.281627 0.048000 0.081325
1 0.359000 0.311747 0.042000 0.075301
1 0.452000 0.277108 0.048000 0.078313
1 0.514000 0.298193 0.036000 0.066265
1 0.629000 0.299699 0.034000 0.057229
1 0.729000 0.296687 0.034000 0.063253
1 0.773000 0.269578 0.038000 0.063253
1 0.936000 0.334337 0.044000 0.060241