1 0.065000 0.681009 0.070000 0.103858
1 0.504000 0.850148 0.104000 0.186944
1 0.276000 0.716617 0.064000 0.103858
1 0.693000 0.772997 0.086000 0.133531
1 0.905000 0.713650 0.062000 0.115727
1 0.963000 0.683976 0.062000 0.109792
1 0.564000 0.675074 0.056000 0.091988
1 0.460000 0.685460 0.060000 0.089021
1 0.208000 0.645401 0.040000 0.080119
1 0.322000 0.629080 0.044000 0.089021
1 0.419000 0.611276 0.038000 0.065282
1 0.492000 0.602374 0.032000 0.053412
1 0.650000 0.666172 0.048000 0.080119
1 0.727000 0.664688 0.054000 0.083086
1 0.770000 0.639466 0.036000 0.074184