0 0.902000 0.123167 0.108000 0.158358
0 0.342000 0.623167 0.080000 0.126100
0 0.591000 0.379765 0.118000 0.167155
0 0.230000 0.080645 0.072000 0.120235
0 0.048000 0.347507 0.084000 0.131965
0 0.278000 0.491202 0.092000 0.126100
0 0.133000 0.180352 0.074000 0.131965
0 0.471000 0.579179 0.070000 0.108504
0 0.155000 0.884164 0.122000 0.196481
0 0.372000 0.099707 0.064000 0.129032
0 0.510000 0.734604 0.072000 0.131965
0 0.406000 0.335777 0.060000 0.096774
0 0.162000 0.699413 0.080000 0.126100
1 0.497000 0.152493 0.070000 0.082111