1 0.816000 0.536036 0.052000 0.093093
1 0.180000 0.530030 0.044000 0.093093
1 0.051000 0.445946 0.042000 0.075075
1 0.125000 0.510511 0.042000 0.072072
1 0.105000 0.462462 0.034000 0.060060
1 0.148000 0.441441 0.036000 0.072072
1 0.205000 0.442943 0.038000 0.063063
1 0.257000 0.447447 0.038000 0.072072
1 0.248000 0.530030 0.040000 0.069069
1 0.315000 0.429429 0.038000 0.060060
1 0.307000 0.533033 0.038000 0.069069
1 0.352000 0.540541 0.032000 0.066066
1 0.421000 0.534535 0.042000 0.060060
1 0.481000 0.543544 0.038000 0.072072
1 0.542000 0.537538 0.036000 0.060060
1 0.608000 0.542042 0.040000 0.069069
1 0.682000 0.542042 0.036000 0.063063
1 0.750000 0.548048 0.036000 0.069069
1 0.848000 0.439940 0.036000 0.075075
1 0.918000 0.459459 0.052000 0.084084
1 0.783000 0.426426 0.038000 0.072072
1 0.706000 0.463964 0.044000 0.069069
1 0.379000 0.451952 0.034000 0.063063
1 0.437000 0.472973 0.042000 0.063063
1 0.479000 0.435435 0.038000 0.072072
1 0.517000 0.466967 0.042000 0.063063
1 0.643000 0.495495 0.034000 0.066066
1 0.580000 0.463964 0.036000 0.063063