0 0.863000 0.525000 0.150000 0.208824
0 0.575000 0.527941 0.062000 0.102941
0 0.703000 0.666176 0.090000 0.132353
0 0.515000 0.485294 0.058000 0.111765
0 0.127000 0.469118 0.042000 0.079412
0 0.151000 0.479412 0.034000 0.070588
0 0.164000 0.429412 0.040000 0.058824
0 0.437000 0.463235 0.054000 0.067647
0 0.710000 0.377941 0.036000 0.067647
0 0.739000 0.395588 0.034000 0.061765
0 0.670000 0.360294 0.036000 0.061765
0 0.594000 0.397059 0.036000 0.047059
0 0.374000 0.433824 0.032000 0.050000
0 0.202000 0.429412 0.032000 0.052941
1 0.421000 0.369118 0.026000 0.038235
1 0.888000 0.425000 0.044000 0.079412