1 0.511000 0.340909 0.074000 0.153409
1 0.169000 0.369318 0.078000 0.170455
1 0.783000 0.544034 0.186000 0.303977
1 0.248000 0.404830 0.096000 0.178977
1 0.489000 0.517045 0.098000 0.176136
1 0.590000 0.336648 0.080000 0.178977
1 0.383000 0.373580 0.094000 0.184659
1 0.043000 0.403409 0.070000 0.198864
1 0.705000 0.428977 0.082000 0.153409
1 0.832000 0.382102 0.072000 0.105114
1 0.969000 0.491477 0.062000 0.210227
1 0.881000 0.475852 0.110000 0.230114
0 0.767000 0.269886 0.030000 0.056818
1 0.944000 0.278409 0.028000 0.051136
1 0.917000 0.278409 0.026000 0.051136