1 0.115914 0.575000 0.035363 0.070000
1 0.165029 0.570000 0.031434 0.066667
1 0.194499 0.563333 0.027505 0.053333
1 0.233792 0.590000 0.027505 0.046667
1 0.225933 0.553333 0.023576 0.046667
1 0.275049 0.583333 0.035363 0.053333
1 0.322200 0.541667 0.031434 0.063333
1 0.356582 0.560000 0.025540 0.053333
1 0.386051 0.563333 0.025540 0.060000
1 0.407662 0.565000 0.021611 0.050000
1 0.434185 0.553333 0.023576 0.066667
1 0.456778 0.548333 0.025540 0.063333
1 0.486248 0.560000 0.029470 0.060000
1 0.504912 0.556667 0.023576 0.046667
1 0.526523 0.560000 0.023576 0.060000
1 0.546169 0.545000 0.023576 0.063333
1 0.568762 0.548333 0.025540 0.056667
1 0.917485 0.531667 0.031434 0.063333
1 0.864440 0.526667 0.027505 0.060000
1 0.827112 0.533333 0.031434 0.053333
1 0.777996 0.553333 0.023576 0.053333
1 0.739686 0.533333 0.029470 0.066667
1 0.709234 0.553333 0.019646 0.053333
1 0.685658 0.550000 0.023576 0.060000
1 0.654224 0.560000 0.035363 0.046667
1 0.658153 0.526667 0.027505 0.046667
1 0.604126 0.528333 0.033399 0.063333