1 0.228000 0.400568 0.068000 0.107955
1 0.911000 0.437500 0.054000 0.073864
1 0.024000 0.430398 0.036000 0.059659
1 0.100000 0.450284 0.044000 0.065341
1 0.273000 0.440341 0.034000 0.068182
0 0.334000 0.448864 0.036000 0.073864
1 0.366000 0.440341 0.040000 0.068182
1 0.448000 0.436080 0.040000 0.065341
1 0.560000 0.443182 0.036000 0.068182
1 0.591000 0.420455 0.038000 0.068182
1 0.634000 0.444602 0.044000 0.065341
1 0.704000 0.448864 0.032000 0.062500
1 0.733000 0.427557 0.034000 0.088068
1 0.769000 0.443182 0.042000 0.073864
1 0.848000 0.461648 0.052000 0.082386
1 0.945000 0.436080 0.034000 0.059659