0 0.247000 0.608000 0.082000 0.112000
0 0.641000 0.493333 0.098000 0.160000
0 0.069000 0.286667 0.066000 0.104000
0 0.187000 0.440000 0.094000 0.128000
0 0.418000 0.385333 0.076000 0.088000
0 0.267000 0.296000 0.050000 0.096000
0 0.305000 0.210667 0.042000 0.074667
0 0.882000 0.214667 0.036000 0.061333
0 0.777000 0.224000 0.038000 0.042667
0 0.451000 0.172000 0.030000 0.050667
0 0.545000 0.157333 0.022000 0.048000
0 0.652000 0.248000 0.036000 0.042667
0 0.560000 0.238667 0.040000 0.034667
0 0.613000 0.188000 0.038000 0.061333