1 0.343000 0.387725 0.082000 0.140719
1 0.495000 0.338323 0.058000 0.119760
1 0.240000 0.386228 0.072000 0.119760
1 0.150000 0.384731 0.068000 0.104790
1 0.712000 0.374251 0.048000 0.113772
1 0.095000 0.410180 0.062000 0.107784
1 0.781000 0.326347 0.050000 0.089820
0 0.556000 0.350299 0.056000 0.101796
0 0.453000 0.351796 0.050000 0.116766
1 0.405000 0.378743 0.038000 0.080838
1 0.683000 0.362275 0.034000 0.083832
1 0.609000 0.392216 0.038000 0.071856
1 0.080000 0.357784 0.044000 0.074850
1 0.024000 0.380240 0.044000 0.071856