0 0.025000 0.369369 0.046000 0.174174
1 0.506000 0.466967 0.084000 0.147147
1 0.361000 0.484985 0.078000 0.147147
1 0.651000 0.504505 0.082000 0.168168
1 0.707000 0.530030 0.058000 0.129129
1 0.543000 0.373874 0.058000 0.105105
1 0.435000 0.366366 0.058000 0.108108
1 0.948000 0.406907 0.048000 0.099099
1 0.810000 0.388889 0.052000 0.105105
1 0.795000 0.327327 0.046000 0.090090
1 0.352000 0.403904 0.068000 0.099099
1 0.850000 0.424925 0.044000 0.105105
1 0.857000 0.343844 0.046000 0.081081
1 0.465000 0.432432 0.046000 0.102102
1 0.924000 0.376877 0.036000 0.081081
1 0.988000 0.355856 0.024000 0.087087