0 0.278932 0.317778 0.183976 0.195556
0 0.051929 0.306667 0.097923 0.200000
0 0.683976 0.310000 0.192878 0.197778
0 0.461424 0.267778 0.186944 0.166667
0 0.206231 0.222222 0.157270 0.173333
0 0.580119 0.198889 0.151335 0.144444
0 0.804154 0.230000 0.160237 0.202222
0 0.124629 0.216667 0.124629 0.144444
0 0.044510 0.164444 0.083086 0.111111
0 0.430267 0.142222 0.130564 0.120000
0 0.903561 0.224444 0.097923 0.160000
0 0.250742 0.151111 0.127596 0.106667
0 0.738872 0.054444 0.100890 0.073333
0 0.836795 0.101111 0.112760 0.104444
0 0.958457 0.194444 0.083086 0.162222
0 0.373887 0.075556 0.094955 0.097778
0 0.313056 0.126667 0.097923 0.111111