0 0.383000 0.415152 0.058000 0.109091
0 0.234000 0.462121 0.052000 0.100000
0 0.947000 0.465152 0.046000 0.100000
0 0.502000 0.407576 0.048000 0.106061
1 0.840000 0.454545 0.056000 0.096970
1 0.150000 0.466667 0.052000 0.103030
1 0.660000 0.425758 0.048000 0.093939
0 0.318000 0.440909 0.040000 0.093939
1 0.459000 0.440909 0.034000 0.063636
1 0.429000 0.443939 0.026000 0.057576
1 0.542000 0.430303 0.036000 0.084848
1 0.618000 0.442424 0.040000 0.072727
1 0.570000 0.445455 0.032000 0.060606
1 0.740000 0.454545 0.032000 0.066667
1 0.721000 0.454545 0.030000 0.054545
1 0.761000 0.448485 0.026000 0.054545