0 0.631000 0.121406 0.070000 0.134185
0 0.570000 0.225240 0.072000 0.175719
0 0.818000 0.353035 0.124000 0.239617
0 0.407000 0.151757 0.074000 0.175719
0 0.716000 0.094249 0.072000 0.124601
0 0.515000 0.126198 0.062000 0.118211
0 0.707000 0.212460 0.078000 0.182109
0 0.908000 0.148562 0.088000 0.162939
0 0.202000 0.416933 0.140000 0.258786
0 0.274000 0.236422 0.080000 0.166134
0 0.772000 0.194888 0.072000 0.166134
0 0.101000 0.231629 0.094000 0.182109
0 0.568000 0.099042 0.056000 0.121406
0 0.085000 0.396166 0.130000 0.255591
0 0.638000 0.281150 0.096000 0.204473
0 0.345000 0.300319 0.106000 0.210863
0 0.464000 0.273163 0.104000 0.246006
0 0.973000 0.313099 0.054000 0.217252
0 0.348000 0.103834 0.048000 0.118211
0 0.243000 0.137380 0.062000 0.102236