1 0.970000 0.672673 0.036000 0.072072
1 0.138000 0.590090 0.032000 0.063063
1 0.176000 0.614114 0.044000 0.081081
1 0.263000 0.606607 0.042000 0.066066
1 0.346000 0.615616 0.036000 0.048048
1 0.403000 0.639640 0.034000 0.066066
1 0.495000 0.656156 0.046000 0.069069
1 0.526000 0.629129 0.028000 0.051051
1 0.551000 0.623123 0.034000 0.069069
1 0.596000 0.648649 0.032000 0.048048
1 0.626000 0.662162 0.044000 0.075075
1 0.681000 0.668168 0.038000 0.063063
1 0.768000 0.650150 0.044000 0.075075
1 0.844000 0.662162 0.040000 0.069069
1 0.909000 0.687688 0.042000 0.060060