1 0.133000 0.272727 0.154000 0.260606
1 0.757000 0.228788 0.130000 0.233333
1 0.614000 0.287879 0.076000 0.157576
1 0.375000 0.351515 0.098000 0.187879
1 0.493000 0.316667 0.066000 0.118182
1 0.251000 0.357576 0.042000 0.072727
1 0.301000 0.340909 0.042000 0.081818
1 0.586000 0.033333 0.032000 0.048485
1 0.639000 0.039394 0.030000 0.060606
1 0.694000 0.046970 0.024000 0.057576
1 0.276000 0.175758 0.028000 0.048485
1 0.316000 0.039394 0.024000 0.054545
1 0.345000 0.040909 0.022000 0.039394
1 0.398000 0.024242 0.024000 0.042424
1 0.380000 0.039394 0.020000 0.048485
1 0.366000 0.053030 0.020000 0.045455