0 0.488000 0.280781 0.068000 0.141141
0 0.619000 0.282282 0.066000 0.132132
0 0.911000 0.297297 0.078000 0.138138
0 0.294000 0.288288 0.068000 0.132132
0 0.760000 0.331832 0.060000 0.105105
0 0.439000 0.324324 0.050000 0.096096
0 0.107000 0.342342 0.038000 0.102102
0 0.843000 0.346847 0.050000 0.081081
0 0.547000 0.352853 0.050000 0.099099
0 0.217000 0.349850 0.050000 0.099099
0 0.146000 0.372372 0.040000 0.078078
0 0.080000 0.355856 0.028000 0.099099
0 0.671000 0.327327 0.046000 0.120120
0 0.795000 0.354354 0.038000 0.096096