0 0.833000 0.232733 0.082000 0.153153
0 0.113000 0.249249 0.070000 0.138138
0 0.632000 0.265766 0.068000 0.135135
0 0.345000 0.259760 0.066000 0.135135
0 0.507000 0.273273 0.062000 0.144144
0 0.458000 0.261261 0.052000 0.132132
0 0.705000 0.312312 0.046000 0.084084
1 0.221000 0.270270 0.066000 0.102102
1 0.279000 0.267267 0.042000 0.078078
0 0.754000 0.303303 0.040000 0.084084
1 0.150000 0.262763 0.040000 0.081081
1 0.078000 0.283784 0.040000 0.105105
1 0.574000 0.289790 0.040000 0.051051
1 0.415000 0.277778 0.034000 0.063063