1 0.881262 0.351667 0.085343 0.156667
1 0.651206 0.348333 0.055659 0.130000
1 0.536178 0.375000 0.063080 0.130000
1 0.770872 0.343333 0.061224 0.120000
1 0.594620 0.373333 0.050093 0.113333
1 0.312616 0.360000 0.050093 0.120000
1 0.192022 0.395000 0.053803 0.123333
1 0.026902 0.435000 0.050093 0.130000
1 0.265306 0.403333 0.048237 0.106667
1 0.348794 0.383333 0.044527 0.100000
1 0.405380 0.368333 0.042672 0.083333
1 0.968460 0.348333 0.033395 0.083333
1 0.687384 0.356667 0.035250 0.086667
1 0.721707 0.365000 0.033395 0.090000