0 0.083750 0.127820 0.062500 0.097744
0 0.405000 0.520677 0.045000 0.071429
0 0.715000 0.703008 0.050000 0.112782
0 0.583750 0.511278 0.037500 0.052632
0 0.545000 0.477444 0.040000 0.067669
0 0.111250 0.296992 0.052500 0.090226
0 0.441250 0.287594 0.042500 0.071429
0 0.712500 0.385338 0.050000 0.071429
0 0.651250 0.214286 0.037500 0.075188
0 0.146250 0.135338 0.037500 0.067669
0 0.591250 0.195489 0.032500 0.052632
0 0.720000 0.161654 0.025000 0.067669
0 0.693750 0.227444 0.037500 0.071429
0 0.177500 0.182331 0.035000 0.063910
0 0.402500 0.394737 0.040000 0.060150
0 0.352500 0.417293 0.030000 0.060150
0 0.415000 0.246241 0.030000 0.048872
0 0.378750 0.419173 0.032500 0.063910