0 0.166000 0.384384 0.064000 0.108108
0 0.390000 0.430931 0.036000 0.081081
0 0.223000 0.421922 0.046000 0.087087
0 0.255000 0.423423 0.034000 0.084084
0 0.300000 0.423423 0.040000 0.090090
1 0.329000 0.447447 0.038000 0.072072
0 0.420000 0.427928 0.028000 0.075075
1 0.446000 0.427928 0.028000 0.063063
1 0.580000 0.415916 0.032000 0.063063
1 0.866000 0.396396 0.044000 0.084084
1 0.769000 0.391892 0.042000 0.069069
1 0.647000 0.429429 0.042000 0.078078
1 0.679000 0.396396 0.038000 0.066066
1 0.609000 0.409910 0.034000 0.069069
1 0.561000 0.417417 0.026000 0.054054