0 0.598000 0.188187 0.072000 0.129121
0 0.381000 0.197802 0.070000 0.104396
0 0.769000 0.270604 0.094000 0.167582
0 0.062000 0.259615 0.120000 0.228022
0 0.946000 0.243132 0.056000 0.096154
0 0.270000 0.221154 0.044000 0.074176
0 0.232000 0.193681 0.036000 0.063187
1 0.344000 0.212912 0.032000 0.068681
0 0.427000 0.214286 0.034000 0.087912
0 0.478000 0.210165 0.036000 0.068681
0 0.512000 0.208791 0.040000 0.076923
1 0.155000 0.203297 0.042000 0.049451
0 0.183000 0.182692 0.034000 0.052198
1 0.832000 0.260989 0.052000 0.120879
0 0.719000 0.181319 0.034000 0.054945