0 0.260000 0.396084 0.056000 0.117470
0 0.494000 0.414157 0.044000 0.093373
1 0.202000 0.447289 0.072000 0.129518
1 0.701000 0.402108 0.066000 0.135542
1 0.934000 0.332831 0.124000 0.207831
1 0.593000 0.417169 0.066000 0.117470
1 0.831000 0.403614 0.058000 0.120482
1 0.140000 0.441265 0.056000 0.099398
1 0.386000 0.451807 0.052000 0.108434
1 0.757000 0.427711 0.046000 0.090361
1 0.660000 0.417169 0.036000 0.093373
1 0.082000 0.471386 0.044000 0.087349
1 0.350000 0.483434 0.048000 0.093373
1 0.425000 0.405120 0.034000 0.069277
1 0.450000 0.460843 0.044000 0.078313
1 0.798000 0.436747 0.036000 0.096386
1 0.528000 0.460843 0.040000 0.078313