0 0.052000 0.368263 0.060000 0.137725
0 0.194000 0.383234 0.056000 0.107784
0 0.846000 0.411677 0.060000 0.110778
0 0.570000 0.395210 0.056000 0.101796
0 0.423000 0.387725 0.050000 0.110778
0 0.516000 0.396707 0.040000 0.086826
0 0.757000 0.438623 0.050000 0.092814
0 0.360000 0.399701 0.036000 0.086826
0 0.110000 0.423653 0.032000 0.080838
0 0.154000 0.422156 0.044000 0.083832
0 0.255000 0.428144 0.046000 0.083832
0 0.328000 0.425150 0.044000 0.095808
0 0.645000 0.407186 0.042000 0.095808
0 0.940000 0.453593 0.032000 0.056886
0 0.986000 0.471557 0.028000 0.056886