0 0.939000 0.303354 0.058000 0.100610
0 0.150000 0.368902 0.044000 0.091463
0 0.241000 0.347561 0.050000 0.091463
0 0.374000 0.364329 0.048000 0.088415
0 0.564000 0.353659 0.048000 0.079268
0 0.427000 0.323171 0.034000 0.067073
0 0.114000 0.356707 0.028000 0.054878
0 0.481000 0.408537 0.038000 0.079268
0 0.523000 0.333841 0.034000 0.076220
0 0.678000 0.321646 0.032000 0.064024
0 0.728000 0.318598 0.040000 0.076220
0 0.806000 0.314024 0.040000 0.073171
0 0.604000 0.464939 0.040000 0.070122
0 0.872000 0.326220 0.044000 0.091463
0 0.590000 0.318598 0.032000 0.070122