0 0.763000 0.264970 0.102000 0.188623
0 0.904000 0.314371 0.064000 0.119760
0 0.466000 0.309880 0.048000 0.104790
0 0.651000 0.211078 0.114000 0.212575
0 0.197000 0.260479 0.078000 0.173653
0 0.589000 0.287425 0.058000 0.137725
0 0.409000 0.309880 0.042000 0.104790
0 0.383000 0.314371 0.046000 0.101796
0 0.979000 0.324850 0.042000 0.080838
0 0.087000 0.294910 0.170000 0.494012
0 0.299000 0.315868 0.034000 0.068862
0 0.338000 0.332335 0.036000 0.083832
0 0.554000 0.309880 0.036000 0.128743
0 0.525000 0.348802 0.046000 0.098802