0 0.108000 0.453453 0.072000 0.126126
0 0.170000 0.379880 0.052000 0.105105
0 0.232000 0.432432 0.060000 0.120120
0 0.407000 0.439940 0.066000 0.135135
0 0.210000 0.316817 0.056000 0.093093
0 0.246000 0.262763 0.056000 0.087087
0 0.309000 0.256757 0.050000 0.093093
0 0.471000 0.211712 0.050000 0.087087
0 0.499000 0.304805 0.050000 0.117117
0 0.521000 0.414414 0.058000 0.120120
0 0.574000 0.466967 0.068000 0.135135
0 0.571000 0.240240 0.054000 0.108108
0 0.742000 0.433934 0.060000 0.111111
0 0.699000 0.354354 0.054000 0.096096
0 0.894000 0.471471 0.084000 0.150150
