0 0.280000 0.431525 0.044000 0.056848
0 0.364000 0.472868 0.048000 0.056848
0 0.505000 0.412145 0.042000 0.059432
0 0.812000 0.270026 0.028000 0.049096
1 0.129000 0.715762 0.074000 0.062016
1 0.178000 0.494832 0.048000 0.054264
1 0.079000 0.618863 0.058000 0.080103
1 0.128000 0.655039 0.068000 0.069767
1 0.261000 0.516796 0.050000 0.062016
1 0.334000 0.545220 0.056000 0.062016
1 0.438000 0.514212 0.056000 0.072351
1 0.560000 0.440568 0.056000 0.064599
1 0.633000 0.268734 0.034000 0.041344
1 0.689000 0.267442 0.030000 0.033592
0 0.597000 0.317829 0.034000 0.046512
0 0.771000 0.263566 0.034000 0.041344