1 0.944000 0.313333 0.064000 0.125333
1 0.063000 0.320000 0.066000 0.117333
1 0.766000 0.222667 0.068000 0.114667
1 0.306000 0.268000 0.068000 0.109333
1 0.184000 0.262667 0.068000 0.114667
1 0.366000 0.246667 0.056000 0.109333
1 0.839000 0.262667 0.058000 0.088000
1 0.229000 0.194667 0.058000 0.096000
1 0.838000 0.166667 0.056000 0.082667
1 0.476000 0.281333 0.060000 0.082667
1 0.503000 0.216000 0.054000 0.090667
1 0.429000 0.184000 0.046000 0.080000
1 0.612000 0.212000 0.064000 0.104000
1 0.666000 0.213333 0.052000 0.090667
1 0.763000 0.144000 0.042000 0.080000
1 0.804000 0.353333 0.068000 0.098667