0 0.443000 0.429429 0.062000 0.120120
0 0.932000 0.554054 0.068000 0.099099
0 0.143000 0.430931 0.046000 0.075075
0 0.557000 0.436937 0.058000 0.081081
0 0.757000 0.454955 0.030000 0.051051
0 0.729000 0.393393 0.022000 0.036036
0 0.318000 0.397898 0.052000 0.075075
0 0.266000 0.462462 0.044000 0.084084
0 0.410000 0.433934 0.028000 0.063063
0 0.610000 0.415916 0.032000 0.051051
0 0.385000 0.382883 0.022000 0.045045
0 0.508000 0.393393 0.024000 0.030030
1 0.081000 0.433934 0.050000 0.099099
1 0.624000 0.448949 0.044000 0.081081
1 0.497000 0.429429 0.030000 0.054054
1 0.798000 0.396396 0.016000 0.030030
0 0.665000 0.370871 0.018000 0.039039
0 0.633000 0.322823 0.022000 0.039039