1 0.160000 0.496000 0.052000 0.080000
1 0.235000 0.506667 0.046000 0.069333
1 0.290000 0.490667 0.040000 0.064000
1 0.365000 0.490667 0.034000 0.069333
1 0.441000 0.472000 0.042000 0.064000
1 0.509000 0.516000 0.038000 0.061333
1 0.566000 0.493333 0.036000 0.058667
1 0.887000 0.485333 0.038000 0.064000
1 0.785000 0.469333 0.038000 0.058667
1 0.826000 0.500000 0.044000 0.061333
1 0.753000 0.514667 0.038000 0.053333
1 0.610000 0.482667 0.036000 0.058667
1 0.656000 0.500000 0.040000 0.061333
1 0.704000 0.506667 0.036000 0.058667