0 0.374000 0.380466 0.056000 0.113703
0 0.058000 0.397959 0.036000 0.090379
0 0.430000 0.399417 0.044000 0.093294
0 0.738000 0.379009 0.044000 0.075802
0 0.097000 0.396501 0.042000 0.069971
0 0.021000 0.405248 0.034000 0.087464
0 0.171000 0.396501 0.030000 0.064140
0 0.202000 0.418367 0.044000 0.072886
0 0.272000 0.416910 0.044000 0.069971
0 0.509000 0.397959 0.054000 0.072886
0 0.577000 0.396501 0.042000 0.069971
0 0.667000 0.360058 0.038000 0.084548
0 0.702000 0.354227 0.032000 0.084548
0 0.782000 0.373178 0.044000 0.087464