1 0.332000 0.316817 0.088000 0.147147
1 0.082000 0.222222 0.100000 0.162162
1 0.954000 0.261261 0.092000 0.174174
1 0.557000 0.270270 0.066000 0.126126
1 0.470000 0.267267 0.052000 0.108108
1 0.284000 0.220721 0.060000 0.111111
1 0.755000 0.238739 0.066000 0.117117
1 0.713000 0.217718 0.046000 0.105105
1 0.512000 0.190691 0.044000 0.111111
1 0.389000 0.217718 0.046000 0.093093
1 0.207000 0.198198 0.050000 0.084084
1 0.336000 0.222222 0.036000 0.072072
1 0.871000 0.222222 0.038000 0.066066
1 0.797000 0.229730 0.034000 0.075075