1 0.082000 0.515015 0.084000 0.135135
1 0.174000 0.531532 0.084000 0.126126
1 0.345000 0.597598 0.102000 0.168168
1 0.728000 0.603604 0.116000 0.180180
1 0.872000 0.487988 0.056000 0.093093
1 0.924000 0.456456 0.056000 0.102102
1 0.198000 0.424925 0.056000 0.081081
1 0.821000 0.503003 0.066000 0.117117
1 0.034000 0.477477 0.060000 0.108108
1 0.317000 0.418919 0.046000 0.093093
1 0.407000 0.414414 0.046000 0.078078
1 0.482000 0.403904 0.032000 0.063063
1 0.501000 0.378378 0.026000 0.054054
1 0.544000 0.399399 0.032000 0.072072
1 0.682000 0.393393 0.036000 0.060060
1 0.821000 0.420420 0.038000 0.054054
1 0.764000 0.403904 0.048000 0.069069