0 0.168000 0.345238 0.116000 0.309524
0 0.320000 0.245536 0.072000 0.157738
0 0.202000 0.244048 0.056000 0.125000
0 0.078000 0.261905 0.152000 0.517857
1 0.731000 0.334821 0.066000 0.127976
1 0.619000 0.261905 0.074000 0.136905
1 0.545000 0.275298 0.078000 0.157738
1 0.858000 0.313988 0.068000 0.127976
1 0.396000 0.202381 0.100000 0.184524
1 0.968000 0.327381 0.064000 0.107143
1 0.917000 0.312500 0.046000 0.095238
1 0.450000 0.252976 0.048000 0.130952
1 0.843000 0.258929 0.062000 0.113095
1 0.675000 0.321429 0.034000 0.083333