0 0.547000 0.531532 0.074000 0.126126
0 0.155000 0.474474 0.074000 0.120120
0 0.523000 0.444444 0.042000 0.060060
0 0.743000 0.456456 0.042000 0.060060
1 0.340000 0.489489 0.064000 0.084084
1 0.396000 0.445946 0.060000 0.081081
1 0.466000 0.456456 0.052000 0.072072
1 0.643000 0.466967 0.062000 0.093093
1 0.682000 0.503003 0.044000 0.093093
0 0.707000 0.411411 0.038000 0.054054
1 0.606000 0.391892 0.028000 0.051051
1 0.649000 0.373874 0.030000 0.057057
1 0.675000 0.381381 0.026000 0.048048
1 0.539000 0.405405 0.030000 0.048048