0 0.044000 0.336336 0.040000 0.060060
0 0.266000 0.351351 0.040000 0.066066
0 0.846000 0.276276 0.064000 0.126126
0 0.987000 0.268769 0.026000 0.141141
0 0.690000 0.315315 0.052000 0.114114
0 0.731000 0.303303 0.046000 0.102102
0 0.591000 0.307808 0.054000 0.117117
0 0.631000 0.306306 0.038000 0.096096
0 0.493000 0.321321 0.050000 0.096096
0 0.321000 0.357357 0.026000 0.060060
0 0.351000 0.387387 0.034000 0.066066
0 0.354000 0.324324 0.032000 0.066066
0 0.392000 0.366366 0.040000 0.078078
0 0.438000 0.321321 0.052000 0.096096
0 0.534000 0.318318 0.036000 0.090090