0 0.188000 0.452000 0.052000 0.093333
0 0.125000 0.473333 0.038000 0.066667
0 0.326000 0.474667 0.064000 0.106667
0 0.370000 0.440000 0.052000 0.085333
0 0.482000 0.461333 0.040000 0.069333
0 0.525000 0.457333 0.046000 0.082667
0 0.567000 0.444000 0.038000 0.066667
0 0.612000 0.440000 0.064000 0.101333
0 0.733000 0.429333 0.070000 0.106667
0 0.778000 0.442667 0.040000 0.069333
0 0.846000 0.436000 0.036000 0.072000
0 0.887000 0.425333 0.046000 0.088000
0 0.951000 0.432000 0.062000 0.096000
0 0.990000 0.426667 0.020000 0.069333