1 0.142222 0.328333 0.204444 0.363333
1 0.860000 0.323333 0.062222 0.113333
1 0.690000 0.331667 0.046667 0.110000
1 0.022222 0.320000 0.035556 0.093333
1 0.295556 0.355000 0.044444 0.096667
1 0.340000 0.336667 0.035556 0.066667
1 0.372222 0.350000 0.028889 0.060000
1 0.398889 0.326667 0.028889 0.066667
1 0.444444 0.340000 0.040000 0.080000
1 0.508889 0.333333 0.026667 0.053333
1 0.558889 0.335000 0.037778 0.070000
1 0.608889 0.351667 0.026667 0.050000
1 0.651111 0.350000 0.040000 0.073333
1 0.735556 0.365000 0.035556 0.063333
1 0.772222 0.363333 0.028889 0.053333
1 0.918889 0.340000 0.037778 0.073333