0 0.818565 0.733000 0.075949 0.082000
0 0.808017 0.597000 0.050633 0.046000
1 0.082278 0.498000 0.054852 0.060000
1 0.237342 0.580000 0.078059 0.064000
1 0.154008 0.517000 0.063291 0.050000
1 0.117089 0.531000 0.044304 0.042000
1 0.934599 0.625000 0.037975 0.038000
1 0.919831 0.659000 0.046414 0.046000
1 0.732068 0.646000 0.054852 0.056000
1 0.726793 0.582000 0.040084 0.040000
1 0.337553 0.645000 0.080169 0.066000
1 0.422996 0.595000 0.061181 0.062000
1 0.371308 0.563000 0.050633 0.054000
1 0.524262 0.586000 0.044304 0.036000
1 0.578059 0.614000 0.050633 0.040000
1 0.629747 0.633000 0.044304 0.054000
1 0.502110 0.680000 0.067511 0.060000
1 0.683544 0.632000 0.046414 0.052000
1 0.564346 0.569000 0.031646 0.034000