0 0.565891 0.291667 0.062016 0.136667
0 0.411822 0.336667 0.052326 0.120000
0 0.293605 0.335000 0.048450 0.123333
0 0.809109 0.328333 0.052326 0.130000
0 0.468992 0.325000 0.054264 0.116667
0 0.696705 0.353333 0.056202 0.140000
0 0.883721 0.330000 0.100775 0.220000
0 0.126938 0.366667 0.052326 0.120000
0 0.065891 0.331667 0.054264 0.110000
0 0.218992 0.330000 0.050388 0.100000
0 0.654070 0.356667 0.040698 0.106667
0 0.757752 0.355000 0.034884 0.083333
0 0.327519 0.360000 0.034884 0.093333
1 0.958333 0.346667 0.048450 0.126667
0 0.609496 0.340000 0.036822 0.093333
0 0.377907 0.345000 0.034884 0.090000