0 0.189000 0.418667 0.066000 0.090667
0 0.894000 0.478667 0.044000 0.077333
1 0.937000 0.481333 0.050000 0.082667
0 0.898000 0.414667 0.036000 0.066667
0 0.816000 0.461333 0.028000 0.069333
1 0.784000 0.457333 0.044000 0.066667
1 0.286000 0.418667 0.048000 0.069333
1 0.383000 0.478667 0.038000 0.050667
1 0.412000 0.460000 0.028000 0.061333
1 0.439000 0.452000 0.034000 0.072000
0 0.497000 0.445333 0.030000 0.074667
1 0.528000 0.440000 0.040000 0.080000
1 0.635000 0.470667 0.050000 0.088000
1 0.574000 0.454667 0.036000 0.077333
1 0.664000 0.452000 0.036000 0.077333