0 0.709000 0.596085 0.074000 0.138790
0 0.607000 0.546263 0.062000 0.131673
0 0.479000 0.476868 0.050000 0.113879
0 0.272000 0.217082 0.036000 0.071174
0 0.420000 0.266904 0.040000 0.092527
0 0.500000 0.284698 0.044000 0.078292
0 0.575000 0.279359 0.042000 0.074733
0 0.854000 0.416370 0.048000 0.099644
0 0.783000 0.382562 0.046000 0.081851
0 0.748000 0.352313 0.040000 0.085409
0 0.493000 0.218861 0.042000 0.081851
0 0.358000 0.233096 0.036000 0.060498
0 0.626000 0.290036 0.040000 0.081851
0 0.656000 0.293594 0.036000 0.074733
0 0.592000 0.234875 0.040000 0.064057
0 0.604000 0.192171 0.036000 0.064057
0 0.697000 0.313167 0.042000 0.071174
0 0.775000 0.291815 0.046000 0.078292
0 0.713000 0.217082 0.034000 0.056940
0 0.220000 0.231317 0.052000 0.085409
0 0.185000 0.224199 0.038000 0.071174
0 0.158000 0.201068 0.036000 0.060498
0 0.135000 0.186833 0.034000 0.060498
0 0.116000 0.181495 0.028000 0.056940
0 0.084000 0.188612 0.036000 0.064057
0 0.225000 0.137011 0.034000 0.053381
0 0.393000 0.177936 0.026000 0.042705
0 0.958000 0.325623 0.044000 0.088968
0 0.862000 0.153025 0.028000 0.071174
0 0.286000 0.106762 0.028000 0.049822
0 0.037000 0.112100 0.030000 0.053381
0 0.894000 0.133452 0.028000 0.074733
0 0.967000 0.240214 0.042000 0.060498
0 0.226000 0.087189 0.024000 0.046263
0 0.738000 0.165480 0.024000 0.046263