0 0.219000 0.285714 0.078000 0.128571
0 0.075000 0.267857 0.098000 0.171429
0 0.236000 0.151786 0.056000 0.110714
0 0.610000 0.121429 0.048000 0.092857
0 0.034000 0.121429 0.064000 0.178571
0 0.169000 0.037500 0.046000 0.067857
0 0.392000 0.041071 0.044000 0.075000
1 0.456000 0.550000 0.076000 0.157143
1 0.326000 0.046429 0.036000 0.085714
1 0.381000 0.075000 0.050000 0.100000
1 0.718000 0.101786 0.116000 0.196429
1 0.801000 0.082143 0.062000 0.157143
1 0.977000 0.064286 0.046000 0.114286
1 0.950000 0.092857 0.044000 0.121429