0 0.971591 0.604545 0.056818 0.136364
0 0.925000 0.622727 0.059091 0.100000
0 0.534091 0.518182 0.059091 0.084848
1 0.129545 0.640909 0.095455 0.136364
1 0.212500 0.580303 0.088636 0.112121
1 0.377273 0.610606 0.077273 0.118182
1 0.496591 0.625758 0.075000 0.112121
1 0.596591 0.571212 0.061364 0.087879
1 0.573864 0.531818 0.038636 0.057576
1 0.694318 0.565152 0.047727 0.081818
1 0.818182 0.625758 0.100000 0.136364
1 0.761364 0.590909 0.059091 0.084848
1 0.776136 0.528788 0.047727 0.075758
1 0.918182 0.568182 0.045455 0.057576
1 0.873864 0.565152 0.047727 0.069697