0 0.299808 0.659259 0.082375 0.155556
0 0.608238 0.677778 0.059387 0.133333
0 0.656130 0.583333 0.055556 0.114815
0 0.380268 0.522222 0.051724 0.111111
0 0.808429 0.759259 0.049808 0.111111
0 0.338123 0.437037 0.032567 0.088889
0 0.415709 0.431481 0.030651 0.077778
0 0.455939 0.479630 0.042146 0.092593
0 0.509579 0.524074 0.045977 0.107407
0 0.796935 0.500000 0.038314 0.096296
0 0.863027 0.514815 0.036398 0.088889
0 0.934866 0.479630 0.034483 0.085185
0 0.698276 0.451852 0.028736 0.081481
0 0.978927 0.511111 0.030651 0.074074
0 0.778736 0.387037 0.024904 0.062963
0 0.812261 0.396296 0.022989 0.059259
0 0.658046 0.433333 0.024904 0.059259