1 0.826000 0.306878 0.068000 0.100529
1 0.131000 0.376984 0.046000 0.087302
1 0.181000 0.374339 0.038000 0.060847
1 0.206000 0.392857 0.028000 0.050265
1 0.234000 0.403439 0.024000 0.050265
1 0.277000 0.392857 0.030000 0.044974
1 0.359000 0.391534 0.038000 0.047619
1 0.405000 0.374339 0.038000 0.055556
1 0.475000 0.358466 0.034000 0.050265
1 0.546000 0.359788 0.032000 0.052910
1 0.599000 0.332011 0.046000 0.066138
1 0.644000 0.332011 0.052000 0.076720
1 0.772000 0.341270 0.048000 0.074074
1 0.716000 0.390212 0.028000 0.055556