1 0.150000 0.167638 0.076000 0.119534
1 0.325000 0.269679 0.046000 0.084548
1 0.294000 0.272595 0.032000 0.061224
1 0.253000 0.306122 0.030000 0.058309
1 0.370000 0.284257 0.032000 0.055394
1 0.433000 0.275510 0.042000 0.084548
1 0.491000 0.234694 0.054000 0.102041
1 0.546000 0.271137 0.036000 0.058309
1 0.576000 0.290087 0.024000 0.049563
1 0.602000 0.291545 0.032000 0.052478
1 0.634000 0.288630 0.020000 0.046647
1 0.668000 0.279883 0.028000 0.058309
1 0.713000 0.258017 0.046000 0.107872
1 0.759000 0.208455 0.074000 0.125364
1 0.827000 0.269679 0.026000 0.049563
1 0.854000 0.285714 0.028000 0.064140
1 0.883000 0.279883 0.026000 0.064140
1 0.947000 0.260933 0.058000 0.113703
1 0.914000 0.272595 0.024000 0.067055