1 0.408889 0.492582 0.071111 0.106825
1 0.241111 0.615727 0.135556 0.186944
1 0.305556 0.529674 0.082222 0.145401
1 0.848889 0.495549 0.084444 0.118694
1 0.963333 0.534125 0.073333 0.166172
1 0.485556 0.452522 0.046667 0.091988
1 0.103333 0.458457 0.064444 0.091988
1 0.205556 0.719585 0.162222 0.228487
1 0.775556 0.452522 0.066667 0.097923
1 0.698889 0.424332 0.037778 0.059347
1 0.521111 0.458457 0.037778 0.062315
1 0.558889 0.449555 0.042222 0.068249
1 0.225556 0.443620 0.046667 0.062315
1 0.306667 0.421365 0.035556 0.059347