0 0.197000 0.340841 0.066000 0.123123
0 0.870000 0.366366 0.056000 0.108108
0 0.381000 0.373874 0.054000 0.117117
0 0.789000 0.378378 0.054000 0.108108
0 0.178000 0.124625 0.052000 0.117117
0 0.316000 0.352853 0.056000 0.093093
0 0.268000 0.174174 0.048000 0.078078
0 0.449000 0.351351 0.046000 0.096096
0 0.489000 0.373874 0.054000 0.105105
0 0.538000 0.369369 0.040000 0.108108
0 0.571000 0.385886 0.062000 0.111111
0 0.666000 0.382883 0.048000 0.093093
0 0.730000 0.387387 0.052000 0.102102
0 0.619000 0.358859 0.046000 0.087087