0 0.705000 0.247326 0.070000 0.114973
0 0.487000 0.299465 0.058000 0.133690
0 0.555000 0.320856 0.102000 0.203209
0 0.241000 0.354278 0.110000 0.216578
0 0.929000 0.323529 0.098000 0.187166
0 0.429000 0.328877 0.062000 0.112299
0 0.168000 0.104278 0.056000 0.101604
0 0.301000 0.129679 0.054000 0.093583
1 0.364000 0.318182 0.088000 0.171123
1 0.691000 0.350267 0.078000 0.128342
1 0.838000 0.181818 0.056000 0.090909
0 0.395000 0.133690 0.050000 0.074866
0 0.585000 0.224599 0.050000 0.090909
1 0.893000 0.192513 0.042000 0.069519