1 0.168000 0.575075 0.120000 0.165165
1 0.676000 0.495495 0.064000 0.114114
1 0.828000 0.513514 0.088000 0.156156
1 0.087000 0.545045 0.086000 0.135135
1 0.215000 0.762763 0.166000 0.270270
1 0.604000 0.486486 0.060000 0.102102
1 0.041000 0.490991 0.054000 0.111111
1 0.211000 0.418919 0.026000 0.051051
1 0.144000 0.441441 0.028000 0.054054
1 0.273000 0.423423 0.026000 0.054054
1 0.507000 0.459459 0.050000 0.096096
1 0.453000 0.457958 0.050000 0.081081
1 0.404000 0.438438 0.036000 0.078078
1 0.360000 0.435435 0.036000 0.072072
1 0.320000 0.429429 0.040000 0.066066
1 0.297000 0.433934 0.030000 0.057057
1 0.078000 0.460961 0.040000 0.075075
1 0.110000 0.466967 0.040000 0.069069