1 0.072000 0.534667 0.068000 0.109333
1 0.182000 0.518667 0.064000 0.093333
1 0.670000 0.549333 0.056000 0.080000
1 0.604000 0.561333 0.052000 0.093333
1 0.339000 0.497333 0.046000 0.082667
1 0.276000 0.486667 0.048000 0.056000
1 0.403000 0.458667 0.034000 0.042667
1 0.427000 0.501333 0.038000 0.064000
1 0.501000 0.502667 0.046000 0.061333
1 0.498000 0.457333 0.036000 0.045333
1 0.558000 0.488000 0.036000 0.058667
1 0.587000 0.490667 0.026000 0.053333
1 0.735000 0.528000 0.054000 0.074667
1 0.777000 0.510667 0.046000 0.066667
1 0.811000 0.506667 0.034000 0.069333
1 0.688000 0.502667 0.040000 0.061333
1 0.017000 0.482667 0.030000 0.080000